1.000000000000000000e+01 1.933001249138386868e+01
9.655172413793103203e+00 2.418086697979972755e+01
9.310344827586206407e+00 2.036874178466277385e+01
8.965517241379309610e+00 1.922091288660529429e+01
8.620689655172412813e+00 2.170634653215806864e+01
8.275862068965517793e+00 2.350906554365368351e+01
7.931034482758620996e+00 2.442000256694709037e+01
7.586206896551724199e+00 2.196801299234122595e+01
7.241379310344827402e+00 2.245272382924544630e+01
6.896551724137930606e+00 2.467842209015546118e+01
6.551724137931033809e+00 2.697353080575199158e+01
6.206896551724137900e+00 2.751643816279509736e+01
5.862068965517241104e+00 2.389622742413971324e+01
5.517241379310344307e+00 2.541814805203992833e+01
5.172413793103448398e+00 2.388019876337705583e+01
4.827586206896551602e+00 2.514775656998967079e+01
4.482758620689654805e+00 3.164332851026322757e+01
4.137931034482758008e+00 3.145829065067745489e+01
3.793103448275861211e+00 3.038740173989798876e+01
3.448275862068965303e+00 3.140594117868710811e+01
3.103448275862068506e+00 3.148882960699404876e+01
2.758620689655171709e+00 3.129843282516059233e+01
2.413793103448275801e+00 3.878549452187142066e+01
2.068965517241379004e+00 3.508669280615721675e+01
1.724137931034482207e+00 3.987360045594107305e+01
1.379310344827585411e+00 3.944152207516874853e+01
1.034482758620688614e+00 4.707088782731167953e+01
6.896551724137918171e-01 6.012538443400605104e+01
3.448275862068967967e-01 7.565539669704277514e+01
0.000000000000000000e+00 inf
